2 0
0.01 1
0.02 2.44483e-06
0.03 2.44483e-06
0.04 3.708e-05
0.05 0.000162174
0.06 0.000403194
0.07 0.000321292
0.08 0.000256504
0.09 0.000347981
0.1 0.000492634
0.11 0.000635045
0.12 0.000781939
0.13 0.000929444
0.14 0.00110832
0.15 0.00132571
0.16 0.00153047
0.17 0.00179125
0.18 0.00199132
0.19 0.00217244
0.2 0.00280178
0.21 0.0024269
0.22 0.00267343
0.23 0.00315546
0.24 0.00401177
0.25 0.00300552
0.26 0.00316647
0.27 0.0032885
0.28 0.00344212
0.29 0.00344966
0.3 0.00369537
0.31 0.00376015
0.32 0.00394637
0.33 0.00401768
0.34 0.00393333
0.35 0.00395778
0.36 0.00382311
0.37 0.0038553
0.38 0.00389869
0.39 0.00391866
0.4 0.00397489
0.41 0.00418148
0.42 0.00572906
0.43 0.0122146
0.44 0.0123898
0.45 0.0058293
0.46 0.00424892
0.47 0.00428009
0.48 0.00505938
0.49 0.0048585
0.5 0.00452763
0.51 0.00415785
0.52 0.00435323
0.53 0.00461951
0.54 0.00448708
0.55 0.00436505
0.56 0.00436912
0.57 0.00441415
0.58 0.00438542
0.59 0.00446956
0.6 0.00451561
0.61 0.00485931
0.62 0.00492797
0.63 0.00447812
0.64 0.00455635
0.65 0.00444573
0.66 0.00443024
0.67 0.00442046
0.68 0.00442515
0.69 0.00437727
0.7 0.00582441
0.71 0.0156602
0.72 0.0317081
0.73 0.0326371
0.74 0.0189719
0.75 0.00871787
0.76 0.0051535
0.77 0.00440946
0.78 0.00421143
0.79 0.00426746
0.8 0.00422875
0.81 0.00427968
0.82 0.00422284
0.83 0.00446977
0.84 0.00507629
0.85 0.00510624
0.86 0.0046409
0.87 0.00431533
0.88 0.00416498
0.89 0.00418983
0.9 0.00414521
0.91 0.00412892
0.92 0.00409632
0.93 0.00404783
0.94 0.00410182
0.95 0.00526026
0.96 0.00776703
0.97 0.00825763
0.98 0.00596784
0.99 0.00458284
1 0.00431696
1.01 0.00513028
1.02 0.00621884
1.03 0.00656254
1.04 0.00602101
1.05 0.00512274
1.06 0.00429109
1.07 0.00379275
1.08 0.0036811
1.09 0.00366725
1.1 0.00358025
1.11 0.00372307
1.12 0.00360633
1.13 0.00367112
1.14 0.00358494
1.15 0.00347839
1.16 0.00346188
1.17 0.00357251
1.18 0.00391886
1.19 0.00449686
1.2 0.00484321
1.21 0.00412586
1.22 0.00360572
1.23 0.00321251
1.24 0.00303139
1.25 0.00294439
1.26 0.00277835
1.27 0.00258256
1.28 0.0025359
1.29 0.00252164
1.3 0.00247315
1.31 0.00245461
1.32 0.00245645
1.33 0.00249475
1.34 0.00243444
1.35 0.00240388
1.36 0.00237312
1.37 0.00236517
1.38 0.00232687
1.39 0.00231566
1.4 0.0023069
1.41 0.00225964
1.42 0.0024049
1.43 0.00242629
1.44 0.00240836
1.45 0.0024322
1.46 0.00240368
1.47 0.00253061
1.48 0.00258378
1.49 0.00254426
1.5 0.00248497
1.51 0.00229162
1.52 0.00225393
1.53 0.00226453
1.54 0.00218303
1.55 0.00222521
1.56 0.00222948
1.57 0.00216979
1.58 0.00224741
1.59 0.00222908
1.6 0.00228164
1.61 0.00244117
1.62 0.0026121
1.63 0.00274371
1.64 0.00285149
1.65 0.00285516
1.66 0.00270093
1.67 0.00243994
1.68 0.00232463
1.69 0.00227532
1.7 0.0022631
1.71 0.00221828
1.72 0.00215858
1.73 0.00216123
1.74 0.0022303
1.75 0.0022248
1.76 0.00216266
1.77 0.0021922
1.78 0.00230283
1.79 0.00239736
1.8 0.00257685
1.81 0.0025687
1.82 0.00242161
1.83 0.00227777
1.84 0.0021486
1.85 0.00213108
1.86 0.00206364
1.87 0.00208116
1.88 0.00206446
1.89 0.00209624
1.9 0.00203736
1.91 0.00214086
1.92 0.0020724
1.93 0.00209848
1.94 0.0021649
1.95 0.00221767
1.96 0.00241387
1.97 0.00278263
1.98 0.00325367
1.99 0.0035719
2 0.00381863
2.01 0.00385958
2.02 0.00376525
2.03 0.00351934
2.04 0.00310881
2.05 0.00269584
2.06 0.00244096
2.07 0.00224599
2.08 0.00223947
2.09 0.00239084
2.1 0.00244443
2.11 0.0025901
2.12 0.00284721
2.13 0.00291913
2.14 0.00287309
2.15 0.00276979
2.16 0.00265264
2.17 0.00252348
2.18 0.00232483
2.19 0.00216429
2.2 0.00202514
2.21 0.00194792
2.22 0.00183363
2.23 0.00172911
2.24 0.00174928
2.25 0.00169081
2.26 0.00178065
2.27 0.00194833
2.28 0.00256769
2.29 0.00326609
2.3 0.00401808
2.31 0.0046898
2.32 0.00489802
2.33 0.00475357
2.34 0.00426501
2.35 0.00352626
2.36 0.00297821
2.37 0.00239838
2.38 0.00201393
2.39 0.00176232
2.4 0.00161074
2.41 0.00162439
2.42 0.00164986
2.43 0.0017014
2.44 0.00173991
2.45 0.00164598
2.46 0.00172463
2.47 0.00162785
2.48 0.00161053
2.49 0.00163294
2.5 0.00159994
2.51 0.00160177
2.52 0.00161461
2.53 0.00166473
2.54 0.00162194
2.55 0.00163396
2.56 0.00157162
2.57 0.00165597
2.58 0.00168816
2.59 0.00161155
2.6 0.00163193
2.61 0.00169284
2.62 0.00163274
2.63 0.00164171
2.64 0.00158588
2.65 0.00154126
2.66 0.00158242
2.67 0.00150602
2.68 0.00149379
2.69 0.00154412
2.7 0.00149766
2.71 0.00150439
2.72 0.0014722
2.73 0.00148768
2.74 0.00148829
2.75 0.00153169
2.76 0.00153352
2.77 0.00148605
2.78 0.00152822
2.79 0.00147485
2.8 0.00149787
2.81 0.00152313
2.82 0.00146262
2.83 0.00149868
2.84 0.001483
2.85 0.00149787
2.86 0.00145773
2.87 0.00145977
2.88 0.00147749
2.89 0.0014506
2.9 0.00147199
2.91 0.0014398
2.92 0.00142901
2.93 0.00139518
2.94 0.00145936
2.95 0.00141617
2.96 0.00142452
2.97 0.00138724
2.98 0.00140517
2.99 0.00139885
3 0.00136727
3.01 0.00133916
3.02 0.0014286
3.03 0.00136401
3.04 0.00133875
3.05 0.00135383
3.06 0.00140639
3.07 0.00145895
3.08 0.001407
3.09 0.00143675
3.1 0.00147118
3.11 0.00151091
3.12 0.00152598
3.13 0.0015761
3.14 0.00154371
3.15 0.00161868
3.16 0.00160238
3.17 0.0017723
3.18 0.00193753
3.19 0.00220218
3.2 0.00244157
3.21 0.0025793
3.22 0.00256504
3.23 0.00252837
3.24 0.00233319
3.25 0.00205835
3.26 0.00190595
3.27 0.00170792
3.28 0.00159342
3.29 0.00148646
3.3 0.00139294
3.31 0.00135688
3.32 0.00126459
3.33 0.00132245
3.34 0.00126092
3.35 0.00127824
3.36 0.00122181
3.37 0.001254
3.38 0.00129698
3.39 0.00130982
3.4 0.00141148
3.41 0.00139498
3.42 0.00141087
3.43 0.00138316
3.44 0.00144021
3.45 0.00142452
3.46 0.00141515
3.47 0.00135281
3.48 0.00135362
3.49 0.00136422
3.5 0.00134181
3.51 0.00134833
3.52 0.00134975
3.53 0.00135322
3.54 0.00139193
3.55 0.00137827
3.56 0.00131858
3.57 0.00134221
3.58 0.00134955
3.59 0.00139111
3.6 0.00137603
3.61 0.00135138
3.62 0.00135709
3.63 0.0013526
3.64 0.00145305
3.65 0.00144653
3.66 0.0015213
3.67 0.00156551
3.68 0.00160463
3.69 0.00154025
3.7 0.00160483
3.71 0.0015759
3.72 0.00150805
3.73 0.00149155
3.74 0.0014343
3.75 0.00141658
3.76 0.00136503
3.77 0.00141984
3.78 0.00131491
3.79 0.00129352
3.8 0.00125807
3.81 0.00125929
3.82 0.00126968
3.83 0.00126622
3.84 0.00122588
3.85 0.00115355
3.86 0.00123199
3.87 0.00122384
3.88 0.00119206
3.89 0.00118432
3.9 0.00115905
3.91 0.00118045
3.92 0.00115029
3.93 0.0011016
3.94 0.00115518
3.95 0.00115233
3.96 0.00116843
3.97 0.00109671
3.98 0.0010961
3.99 0.00108815
4 0.00105189
4.01 0.00103294
4.02 0.0010307
4.03 0.00105372
4.04 0.00102826
4.05 0.000977526
4.06 0.000963468
4.07 0.000965505
4.08 0.000975896
4.09 0.000934741
4.1 0.000913756
4.11 0.000965913
4.12 0.000916405
4.13 0.000925369
4.14 0.000920887
4.15 0.00091722
4.16 0.000904588
4.17 0.000861396
4.18 0.000904588
4.19 0.000883604
4.2 0.000830632
4.21 0.000866897
4.22 0.000876065
4.23 0.000877084
4.24 0.000834911
4.25 0.000830836
4.26 0.000867508
4.27 0.000882585
4.28 0.000850598
4.29 0.000882585
4.3 0.00091233
4.31 0.000910293
4.32 0.000933519
4.33 0.00103967
4.34 0.00113318
4.35 0.00137216
4.36 0.00171811
4.37 0.00206324
4.38 0.00244198
4.39 0.00302793
4.4 0.00368498
4.41 0.0044282
4.42 0.00515147
4.43 0.00574352
4.44 0.00594115
4.45 0.00594196
4.46 0.00559072
4.47 0.0050549
4.48 0.00447486
4.49 0.0039592
4.5 0.0034409
4.51 0.00295764
4.52 0.00257441
4.53 0.00223193
4.54 0.00195913
4.55 0.00168918
4.56 0.00150317
4.57 0.00128883
4.58 0.00119899
4.59 0.00107287
4.6 0.00101522
4.61 0.000981804
4.62 0.000879121
4.63 0.000920683
4.64 0.000911108
4.65 0.000892772
4.66 0.000837152
4.67 0.000820242
4.68 0.00081963
4.69 0.000822075
4.7 0.000826965
4.71 0.0008125
4.72 0.000839597
4.73 0.00080761
4.74 0.000802109
4.75 0.000788866
4.76 0.00080761
4.77 0.000820445
4.78 0.000816778
4.79 0.000802313
4.8 0.000791719
4.81 0.00082778
4.82 0.000815352
4.83 0.000815963
4.84 0.000776846
4.85 0.000788255
4.86 0.000800887
4.87 0.000772567
4.88 0.00079233
4.89 0.000781124
4.9 0.000742822
4.91 0.000731616
4.92 0.000761566
4.93 0.000759732
4.94 0.00078255
4.95 0.000754435
4.96 0.000762788
4.97 0.000790089
4.98 0.00078255
4.99 0.000779698
5 0.000746285
5.01 0.000769919
5.02 0.000771549
5.03 0.000780921
5.04 0.00077053
5.05 0.000778883
5.06 0.000806388
5.07 0.000780513
5.08 0.000814741
5.09 0.000831855
5.1 0.000801702
5.11 0.000835929
5.12 0.000830836
5.13 0.000827576
5.14 0.00081963
5.15 0.000848968
5.16 0.000866082
5.17 0.000837763
5.18 0.000900717
5.19 0.000844486
5.2 0.000917424
5.21 0.000952059
5.22 0.00100727
5.23 0.00104456
5.24 0.00107043
5.25 0.0010633
5.26 0.00109651
5.27 0.00110731
5.28 0.00107287
5.29 0.00103294
5.3 0.00102581
5.31 0.000971006
5.32 0.000956134
5.33 0.000921091
5.34 0.000939835
5.35 0.000952874
5.36 0.000934945
5.37 0.000944113
5.38 0.00096795
5.39 0.000999529
5.4 0.000971006
5.41 0.000963876
5.42 0.000936371
5.43 0.000889716
5.44 0.000906422
5.45 0.000934945
5.46 0.00087688
5.47 0.000846524
5.48 0.000868731
5.49 0.000879733
5.5 0.000834911
5.51 0.000829002
5.52 0.000840208
5.53 0.000849172
5.54 0.000806795
5.55 0.000760547
5.56 0.00076727
5.57 0.000762177
5.58 0.000798849
5.59 0.000765844
5.6 0.000792737
5.61 0.000774197
5.62 0.000774605
5.63 0.000794163
5.64 0.00074547
5.65 0.000749341
5.66 0.000769308
5.67 0.000708594
5.68 0.000749341
5.69 0.000751379
5.7 0.000752601
5.71 0.000727745
5.72 0.000745267
5.73 0.000699426
5.74 0.000723671
5.75 0.000705742
5.76 0.000713891
5.77 0.000678849
5.78 0.000704316
5.79 0.000698815
5.8 0.00066744
5.81 0.000671514
5.82 0.000650529
5.83 0.00066744
5.84 0.000630971
5.85 0.000638509
5.86 0.000636879
5.87 0.000632193
5.88 0.000626081
5.89 0.000624655
5.9 0.000594502
5.91 0.000592057
5.92 0.000619969
5.93 0.000604281
5.94 0.000570869
5.95 0.000582889
5.96 0.000527065
5.97 0.000538475
5.98 0.000541938
5.99 0.000535419
6 0.000540919
6.01 0.000539086
6.02 0.000532362
6.03 0.000506488
6.04 0.0005126
6.05 0.000518305
6.06 0.000544179
6.07 0.000531955
6.08 0.000512396
6.09 0.000535826
6.1 0.000512396
6.11 0.000579222
6.12 0.000647677
6.13 0.000723467
6.14 0.000784384
6.15 0.000888289
6.16 0.000977322
6.17 0.00110486
6.18 0.00117719
6.19 0.00122058
6.2 0.00126683
6.21 0.00125481
6.22 0.00120551
6.23 0.00111586
6.24 0.00101624
6.25 0.00088014
6.26 0.000776031
6.27 0.000703501
6.28 0.000638713
6.29 0.000607134
6.3 0.000591853
6.31 0.00056496
6.32 0.000558644
6.33 0.000543568
6.34 0.000561904
6.35 0.000549069
6.36 0.000545809
6.37 0.000544179
6.38 0.000566386
6.39 0.000543975
6.4 0.000550902
6.41 0.000558033
6.42 0.000584519
6.43 0.000572906
6.44 0.000586353
6.45 0.000575758
6.46 0.000552736
6.47 0.000571684
6.48 0.000561904
6.49 0.000539697
6.5 0.0005562
6.51 0.000546624
6.52 0.000533381
6.53 0.000511174
6.54 0.000528899
6.55 0.00052625
6.56 0.000523806
6.57 0.000511378
6.58 0.000534196
6.59 0.000518508
6.6 0.000523602
6.61 0.000527269
6.62 0.000499153
6.63 0.000518305
6.64 0.000520138
6.65 0.000511378
6.66 0.000512193
6.67 0.000483262
6.68 0.000524009
6.69 0.000493245
6.7 0.000481836
6.71 0.000489782
6.72 0.000488152
6.73 0.000491208
6.74 0.00048041
6.75 0.000479391
6.76 0.000506692
6.77 0.000489578
6.78 0.000471445
6.79 0.00048367
6.8 0.000480817
6.81 0.000469815
6.82 0.000476131
6.83 0.000449646
6.84 0.00046187
6.85 0.00047715
6.86 0.000502413
6.87 0.000502821
6.88 0.000538475
6.89 0.000564553
6.9 0.000542549
6.91 0.000552125
6.92 0.000570665
6.93 0.000523806
6.94 0.000515249
6.95 0.000485503
6.96 0.000466148
6.97 0.000456369
6.98 0.00046187
6.99 0.000413177
7 0.000425808
7.01 0.000388729
7.02 0.000401564
7.03 0.000402583
7.04 0.000417252
7.05 0.000431106
7.06 0.000414603
7.07 0.00044007
7.08 0.000462074
7.09 0.000507099
7.1 0.000515045
7.11 0.000530325
7.12 0.000521972
7.13 0.000514841
7.14 0.000506488
7.15 0.000437421
7.16 0.000454332
7.17 0.000405435
7.18 0.000391988
7.19 0.000395452
7.2 0.000356946
7.21 0.00034248
7.22 0.000324552
7.23 0.000319458
7.24 0.000355316
7.25 0.000308049
7.26 0.000321496
7.27 0.000273821
7.28 0.000319662
7.29 0.000303363
7.3 0.000292973
7.31 0.000294195
7.32 0.000304789
7.33 0.000313957
7.34 0.0002999
7.35 0.000311513
7.36 0.000287064
7.37 0.000296436
7.38 0.00031355
7.39 0.00029664
7.4 0.000281971
7.41 0.000295621
7.42 0.00027484
7.43 0.000274433
7.44 0.000307845
7.45 0.000270969
7.46 0.000276877
7.47 0.000266283
7.48 0.000247539
7.49 0.000267913
7.5 0.000255485
7.51 0.000240612
7.52 0.000253651
7.53 0.000245298
7.54 0.000237964
7.55 0.00024102
7.56 0.000234093
7.57 0.000229814
7.58 0.000232667
7.59 0.00021922
7.6 0.000230629
7.61 0.000236945
7.62 0.000233685
7.63 0.000229814
7.64 0.000250392
7.65 0.000228999
7.66 0.000225332
7.67 0.000237149
7.68 0.00022085
7.69 0.000236334
7.7 0.000232463
7.71 0.000232463
7.72 0.000238779
7.73 0.000225332
7.74 0.000233889
7.75 0.000225332
7.76 0.000241224
7.77 0.000237964
7.78 0.000230222
7.79 0.000228796
7.8 0.000229611
7.81 0.000237556
7.82 0.000249169
7.83 0.000224925
7.84 0.000236538
7.85 0.000243261
7.86 0.000228184
7.87 0.000240409
7.88 0.000238982
7.89 0.000221461
7.9 0.000242853
7.91 0.000238168
7.92 0.000235111
7.93 0.000266894
7.94 0.000241427
7.95 0.000228592
7.96 0.000221461
7.97 0.000211274
7.98 0.000208626
7.99 0.000212089
8 0.000222276
8.01 0.000204347
8.02 0.000209644
8.03 0.000194568
8.04 0.000190697
8.05 0.000183363
8.06 0.000168286
8.07 0.000164211
8.08 0.000170935
8.09 0.000144449
8.1 0.000151783
8.11 0.000152598
8.12 0.000142412
8.13 0.000138133
8.14 0.000136911
8.15 0.000128557
8.16 0.000123872
8.17 0.000120001
8.18 0.000125501
8.19 0.000113888
8.2 0.000104517
8.21 0.00010472
8.22 0.000113888
8.23 0.000110425
8.24 9.63672e-05
8.25 0.000100238
8.26 0.000103294
8.27 9.06626e-05
8.28 9.06626e-05
8.29 8.92364e-05
8.3 9.33111e-05
8.31 9.86083e-05
8.32 8.37355e-05
8.33 8.57729e-05
8.34 7.57898e-05
8.35 8.76065e-05
8.36 8.69953e-05
8.37 8.12907e-05
8.38 8.43468e-05
8.39 7.19188e-05
8.4 7.41599e-05
8.41 7.66048e-05
8.42 7.59936e-05
8.43 8.16982e-05
8.44 8.57729e-05
8.45 8.39393e-05
8.46 7.19188e-05
8.47 7.45674e-05
8.48 7.59936e-05
8.49 7.76235e-05
8.5 7.15114e-05
8.51 8.12907e-05
8.52 7.17151e-05
8.53 7.51786e-05
8.54 7.82347e-05
8.55 7.53824e-05
8.56 8.39393e-05
8.57 8.4958e-05
8.58 8.74028e-05
8.59 7.94571e-05
8.6 7.6401e-05
8.61 9.4941e-05
8.62 8.00683e-05
8.63 8.1087e-05
8.64 8.86252e-05
8.65 9.51448e-05
8.66 9.47373e-05
8.67 8.57729e-05
8.68 9.69784e-05
8.69 9.67747e-05
8.7 8.71991e-05
8.71 9.29037e-05
8.72 9.47373e-05
8.73 9.35149e-05
8.74 0.000100849
8.75 0.000103498
8.76 9.92195e-05
8.77 9.55522e-05
8.78 0.000101257
8.79 9.94232e-05
8.8 9.31074e-05
8.81 9.39223e-05
8.82 0.000102072
8.83 9.65709e-05
8.84 0.000104313
8.85 9.77933e-05
8.86 9.84045e-05
8.87 0.000100034
8.88 9.45336e-05
8.89 0.000101868
8.9 0.000102072
8.91 9.47373e-05
8.92 9.45336e-05
8.93 0.000100238
8.94 9.92195e-05
8.95 9.86083e-05
8.96 9.82008e-05
8.97 0.000101461
8.98 8.25131e-05
8.99 9.84045e-05
9 8.92364e-05
9.01 8.76065e-05
9.02 8.76065e-05
9.03 8.71991e-05
9.04 8.0272e-05
9.05 7.59936e-05
9.06 7.6401e-05
9.07 7.35487e-05
9.08 8.4958e-05
9.09 7.00852e-05
9.1 7.59936e-05
9.11 6.76404e-05
9.12 6.9474e-05
9.13 7.51786e-05
9.14 6.27507e-05
9.15 7.3345e-05
9.16 6.51956e-05
9.17 6.19358e-05
9.18 6.13246e-05
9.19 6.58068e-05
9.2 6.2547e-05
9.21 6.80479e-05
9.22 6.86591e-05
9.23 5.05266e-05
9.24 5.8676e-05
9.25 6.09171e-05
9.26 5.70461e-05
9.27 6.45843e-05
9.28 5.88797e-05
9.29 6.31582e-05
9.3 6.23433e-05
9.31 6.58068e-05
9.32 5.46013e-05
9.33 5.15452e-05
9.34 6.31582e-05
9.35 5.1749e-05
9.36 5.50088e-05
9.37 4.95079e-05
9.38 6.15283e-05
9.39 5.98984e-05
9.4 5.62312e-05
9.41 5.68424e-05
9.42 5.64349e-05
9.43 6.41769e-05
9.44 6.23433e-05
9.45 6.01022e-05
9.46 6.9474e-05
9.47 7.74197e-05
9.48 7.29375e-05
9.49 7.61973e-05
9.5 7.00852e-05
9.51 8.00683e-05
9.52 8.16982e-05
9.53 9.41261e-05
9.54 0.000101257
9.55 0.000114296
9.56 0.000107165
9.57 0.000110629
9.58 0.000125705
9.59 0.00012326
9.6 0.000132632
9.61 0.000139559
9.62 0.000131206
9.63 0.00014995
9.64 0.000131206
9.65 0.000132836
9.66 0.000130595
9.67 0.000135077
9.68 0.000117759
9.69 0.000118574
9.7 0.000127743
9.71 0.000112462
9.72 0.000111036
9.73 9.94232e-05
9.74 0.000101664
9.75 9.71821e-05
9.76 9.82008e-05
9.77 9.67747e-05
9.78 0.000106758
9.79 9.31074e-05
9.8 8.74028e-05
9.81 9.55522e-05
9.82 0.000106554
9.83 8.78103e-05
9.84 9.94232e-05
9.85 9.43298e-05
9.86 9.08663e-05
9.87 0.000100849
9.88 0.000106554
9.89 0.000105128
9.9 0.000100034
9.91 0.000102887
9.92 0.000104313
9.93 0.000127131
9.94 0.000122649
9.95 0.000133243
9.96 0.000140782
9.97 0.000123668
9.98 0.000140782
9.99 0.000149339
10 0.000148727
10.01 0.000152395
10.02 0.000153821
10.03 0.000162174
10.04 0.000183159
10.05 0.000171342
10.06 0.000175417
10.07 0.000184585
10.08 0.00016849
10.09 0.000184177
10.1 0.000200476
10.11 0.0001854
10.12 0.000213923
10.13 0.000202717
10.14 0.000193753
10.15 0.000200273
10.16 0.000201902
10.17 0.000186011
10.18 0.000217998
10.19 0.000202514
10.2 0.000216979
10.21 0.000215553
10.22 0.000201699
10.23 0.000204551
10.24 0.000216775
10.25 0.000205773
10.26 0.000204347
10.27 0.0002072
10.28 0.00020231
10.29 0.000204755
10.3 0.000198439
10.31 0.00020068
10.32 0.00021433
10.33 0.000208422
10.34 0.000194975
10.35 0.000198846
10.36 0.000175621
10.37 0.000204959
10.38 0.000224721
10.39 0.000200476
10.4 0.000206996
10.41 0.000206181
10.42 0.000190493
10.43 0.000211886
10.44 0.000187641
10.45 0.000185196
10.46 0.000211274
10.47 0.000195994
10.48 0.00019742
10.49 0.000187641
10.5 0.000184789
10.51 0.000197624
10.52 0.000181121
10.53 0.000179899
10.54 0.000188252
10.55 0.000181733
10.56 0.00017725
10.57 0.000184381
10.58 0.000176028
10.59 0.000167675
10.6 0.000170935
10.61 0.000157081
10.62 0.000169101
10.63 0.000174398
10.64 0.000166249
10.65 0.00016686
10.66 0.000161155
10.67 0.000174194
10.68 0.000167064
10.69 0.000170935
10.7 0.000176028
10.71 0.000160544
10.72 0.000173991
10.73 0.000148931
10.74 0.000171546
10.75 0.000167267
10.76 0.0001636
10.77 0.000175009
10.78 0.000155451
10.79 0.000176028
10.8 0.000177658
10.81 0.000172972
10.82 0.00016686
10.83 0.000166452
10.84 0.000176639
10.85 0.000169508
10.86 0.000162785
10.87 0.000169305
10.88 0.000166452
10.89 0.000174602
10.9 0.000160952
10.91 0.00016523
10.92 0.000163396
10.93 0.000164823
10.94 0.000162174
10.95 0.000157488
10.96 0.000176028
10.97 0.000179899
10.98 0.000171546
10.99 0.000167675
11 0.000149339
11.01 0.000176028
11.02 0.00017175
11.03 0.00018214
11.04 0.000172768
11.05 0.000174194
11.06 0.000168286
11.07 0.000166452
11.08 0.000169712
11.09 0.000164008
11.1 0.000180918
11.11 0.000179695
11.12 0.000165637
11.13 0.00016849
11.14 0.000162174
11.15 0.000162785
11.16 0.000174398
11.17 0.000169712
11.18 0.000168897
11.19 0.000160748
11.2 0.000172972
11.21 0.000178065
11.22 0.000174398
11.23 0.000158914
11.24 0.000169712
11.25 0.000155654
11.26 0.000164008
11.27 0.000182548
11.28 0.000159729
11.29 0.000164619
11.3 0.00014995
11.31 0.000161766
11.32 0.000147709
11.33 0.000157284
11.34 0.0001636
11.35 0.000166452
11.36 0.000166452
11.37 0.000150357
11.38 0.000161766
11.39 0.000165434
11.4 0.000144653
11.41 0.000161155
11.42 0.000139967
11.43 0.000153821
11.44 0.000147301
11.45 0.000142819
11.46 0.000156673
11.47 0.000148727
11.48 0.00014017
11.49 0.000145671
11.5 0.000153006
11.51 0.000139967
11.52 0.000128965
11.53 0.000142412
11.54 0.000146079
11.55 0.000142412
11.56 0.000139559
11.57 0.000143023
11.58 0.00012489
11.59 0.000134262
11.6 0.000137114
11.61 0.000122853
11.62 0.000118574
11.63 0.000129372
11.64 0.000121019
11.65 0.000124075
11.66 0.000129169
11.67 0.000117759
11.68 0.00012326
11.69 0.000116333
11.7 0.000116537
11.71 0.000126316
11.72 0.000117556
11.73 0.000111036
11.74 0.000119186
11.75 0.000122242
11.76 0.0001145
11.77 0.000120001
11.78 0.000119593
11.79 0.000122242
11.8 0.000120408
11.81 0.000126928
11.82 0.000128557
11.83 0.000114296
11.84 0.000130595
11.85 0.000129372
11.86 0.000127743
11.87 0.00013141
11.88 0.000124279
11.89 0.000126724
11.9 0.000125298
11.91 0.000128965
11.92 0.000132632
11.93 0.000117352
11.94 0.000130391
11.95 0.000123668
11.96 0.000136503
11.97 0.000122853
11.98 0.000125909
11.99 0.000116537
12 0.000135688
12.01 0.000128761
12.02 0.000137726
12.03 0.000125909
12.04 0.000123464
12.05 0.000124687
12.06 0.000122853
12.07 0.000128761
12.08 0.00012815
12.09 0.00011613
12.1 0.00012815
12.11 0.000131206
12.12 0.000132428
12.13 0.000133447
12.14 0.000134262
12.15 0.000141393
12.16 0.000130595
12.17 0.000131002
12.18 0.0001418
12.19 0.000121019
12.2 0.000144653
12.21 0.000138948
12.22 0.000133447
12.23 0.000144653
12.24 0.000142819
12.25 0.000154839
12.26 0.000142819
12.27 0.000151783
12.28 0.000141393
12.29 0.000153006
12.3 0.000151783
12.31 0.000159322
12.32 0.000153617
12.33 0.000162785
12.34 0.00017012
12.35 0.000154432
12.36 0.00016686
12.37 0.000167064
12.38 0.000169101
12.39 0.000162785
12.4 0.000169101
12.41 0.000166249
12.42 0.000171138
12.43 0.000174398
12.44 0.000183974
12.45 0.000176843
12.46 0.000162174
12.47 0.000169916
12.48 0.000164211
12.49 0.000166452
12.5 0.000167675
12.51 0.000176232
12.52 0.000168082
12.53 0.000167471
12.54 0.000161359
12.55 0.000172972
12.56 0.000165841
12.57 0.00015321
12.58 0.000162581
12.59 0.00016686
12.6 0.00017175
12.61 0.000167675
12.62 0.000172157
12.63 0.000171953
12.64 0.000176639
12.65 0.000161359
12.66 0.000172361
12.67 0.000154228
12.68 0.000164211
12.69 0.000184789
12.7 0.000175009
12.71 0.000168897
12.72 0.000169916
12.73 0.000156877
12.74 0.000164619
12.75 0.000178269
12.76 0.000159322
12.77 0.000172361
12.78 0.000168082
12.79 0.000154025
12.8 0.000168694
12.81 0.000168694
12.82 0.00016849
12.83 0.000154228
12.84 0.000157692
12.85 0.000144856
12.86 0.000156469
12.87 0.000153821
12.88 0.000149135
12.89 0.000150765
12.9 0.000157488
12.91 0.00014995
12.92 0.000145468
12.93 0.000137318
12.94 0.000135077
12.95 0.000145264
12.96 0.000145468
12.97 0.000145875
12.98 0.000134873
12.99 0.000136096
13 0.000134058
13.01 0.000130799
13.02 0.000134466
13.03 0.000117352
13.04 0.00013304
13.05 0.000123668
13.06 0.000119797
13.07 0.000112666
13.08 0.000102887
13.09 0.000110629
13.1 0.000113481
13.11 9.5756e-05
13.12 0.000100034
13.13 0.00010309
13.14 8.65878e-05
13.15 8.69953e-05
13.16 8.92364e-05
13.17 7.84384e-05
13.18 7.78272e-05
13.19 8.16982e-05
13.2 7.53824e-05
13.21 8.84215e-05
13.22 7.57898e-05
13.23 7.39562e-05
13.24 6.19358e-05
13.25 6.88628e-05
13.26 6.72329e-05
13.27 6.2547e-05
13.28 5.74536e-05
13.29 5.54162e-05
13.3 5.76573e-05
13.31 5.72498e-05
13.32 5.03228e-05
13.33 5.50088e-05
13.34 5.01191e-05
13.35 5.66386e-05
13.36 5.19527e-05
13.37 5.39901e-05
13.38 4.42107e-05
13.39 4.33958e-05
13.4 4.7063e-05
13.41 4.44145e-05
13.42 4.50257e-05
13.43 4.25808e-05
13.44 3.72837e-05
13.45 3.85061e-05
13.46 3.72837e-05
13.47 3.78949e-05
13.48 3.6265e-05
13.49 4.0951e-05
13.5 3.74874e-05
13.51 3.83024e-05
13.52 3.6265e-05
13.53 3.44314e-05
13.54 3.74874e-05
13.55 3.6265e-05
13.56 3.3209e-05
13.57 3.13754e-05
13.58 3.2394e-05
13.59 3.3209e-05
13.6 2.9338e-05
13.61 2.77081e-05
13.62 3.17828e-05
13.63 2.73006e-05
13.64 2.81156e-05
13.65 2.26147e-05
13.66 2.17998e-05
13.67 2.50595e-05
13.68 2.42446e-05
13.69 2.95417e-05
13.7 2.6282e-05
13.71 2.81156e-05
13.72 2.79118e-05
13.73 2.52633e-05
13.74 2.13923e-05
13.75 2.1596e-05
13.76 2.20035e-05
13.77 2.40409e-05
13.78 2.40409e-05
13.79 2.20035e-05
13.8 2.2411e-05
13.81 2.60782e-05
13.82 1.75213e-05
13.83 1.60952e-05
13.84 1.65026e-05
13.85 1.58914e-05
13.86 1.81325e-05
13.87 1.99661e-05
13.88 2.01699e-05
13.89 1.4669e-05
13.9 1.67064e-05
13.91 1.81325e-05
13.92 2.34297e-05
13.93 1.60952e-05
13.94 2.03736e-05
13.95 2.20035e-05
13.96 1.65026e-05
13.97 1.65026e-05
13.98 1.34466e-05
13.99 1.54839e-05
14 1.89475e-05
14.01 1.81325e-05
14.02 1.58914e-05
14.03 1.56877e-05
14.04 1.34466e-05
14.05 1.54839e-05
14.06 1.71138e-05
14.07 1.56877e-05
14.08 1.71138e-05
14.09 1.4669e-05
14.1 1.42615e-05
14.11 1.93549e-05
14.12 1.0798e-05
14.13 1.34466e-05
14.14 1.42615e-05
14.15 1.79288e-05
14.16 1.75213e-05
14.17 1.58914e-05
14.18 1.56877e-05
14.19 1.38541e-05
14.2 1.05943e-05
14.21 1.18167e-05
14.22 1.24279e-05
14.23 1.36503e-05
14.24 1.40578e-05
14.25 1.69101e-05
14.26 1.1613e-05
14.27 1.58914e-05
14.28 1.65026e-05
14.29 1.28354e-05
14.3 1.60952e-05
14.31 1.48727e-05
14.32 1.71138e-05
14.33 1.40578e-05
14.34 1.4669e-05
14.35 1.50765e-05
14.36 1.62989e-05
14.37 1.69101e-05
14.38 1.95587e-05
14.39 1.69101e-05
14.4 1.67064e-05
14.41 1.83363e-05
14.42 1.89475e-05
14.43 1.89475e-05
14.44 2.20035e-05
14.45 2.20035e-05
14.46 1.7725e-05
14.47 1.89475e-05
14.48 2.70969e-05
14.49 2.05773e-05
14.5 2.50595e-05
14.51 2.56708e-05
14.52 2.50595e-05
14.53 2.73006e-05
14.54 3.19866e-05
14.55 2.73006e-05
14.56 3.3209e-05
14.57 3.15791e-05
14.58 3.56538e-05
14.59 3.48389e-05
14.6 3.85061e-05
14.61 4.29883e-05
14.62 4.4007e-05
14.63 4.84892e-05
14.64 4.05435e-05
14.65 5.19527e-05
14.66 4.80817e-05
14.67 5.05266e-05
14.68 4.97116e-05
14.69 5.21564e-05
14.7 4.60444e-05
14.71 5.70461e-05
14.72 5.96947e-05
14.73 5.11378e-05
14.74 5.21564e-05
14.75 6.23433e-05
14.76 5.41938e-05
14.77 6.74367e-05
14.78 5.94909e-05
14.79 6.2547e-05
14.8 6.6418e-05
14.81 6.68254e-05
14.82 6.84553e-05
14.83 6.84553e-05
14.84 6.33619e-05
14.85 6.88628e-05
14.86 6.76404e-05
14.87 6.80479e-05
14.88 7.0289e-05
14.89 6.90665e-05
14.9 7.15114e-05
14.91 6.82516e-05
14.92 6.1732e-05
14.93 6.90665e-05
14.94 6.2547e-05
14.95 6.78441e-05
14.96 6.41769e-05
14.97 6.31582e-05
14.98 7.80309e-05
14.99 6.74367e-05
15 6.84553e-05
